      0/17     2.43G    0.1076   0.04474   0.02312    0.1755        27       736    0.2248    0.3356    0.2132   0.04768   0.09648   0.03558   0.01687
      1/17     7.57G   0.08691   0.04822   0.01358    0.1487        27       736    0.8484    0.4643    0.4241     0.168   0.09096   0.03395  0.007224
      2/17     7.57G    0.0777    0.0446  0.006035    0.1283        21       736    0.9686    0.4692    0.4906    0.3988   0.09248   0.03054  0.002782
      3/17     7.57G   0.07159   0.04017  0.003133    0.1149        10       736    0.9999    0.4795    0.4988    0.4092   0.07952   0.02401  0.001748
      4/17     7.57G   0.06555   0.03764  0.001905    0.1051        28       736    0.4933     0.562    0.5106    0.3151   0.07842    0.0221  0.001341
      5/17     7.57G   0.06184   0.03556  0.001206    0.0986        15       736    0.4769    0.5413    0.5066    0.3031   0.07853   0.02058  0.001121
      6/17     7.57G   0.05973   0.03158 0.0008154   0.09212        18       736      0.52    0.5574    0.5126    0.3739   0.07103    0.0207 0.0005378
      7/17     7.57G   0.05648   0.03245 0.0008416   0.08977        18       736    0.5628    0.5801    0.5193    0.4546   0.07593   0.01845 0.0006195
      8/17     7.57G   0.05506   0.03069 0.0005424    0.0863        10       736    0.5061    0.6116    0.5247    0.4492   0.06889   0.01987 0.0004844
      9/17     7.57G   0.05432   0.03176 0.0006289   0.08671        24       736    0.6248    0.6364    0.5873    0.4794   0.06348   0.02008 0.0002975
     10/17     7.57G   0.05273   0.03099 0.0004012   0.08412        18       736    0.5831    0.6178    0.5405    0.4401   0.06857   0.01829 0.0002689
     11/17     7.57G   0.05171   0.02936 0.0005888   0.08166        10       736    0.6205    0.6426    0.5724    0.4418    0.0634   0.01917 0.0002547
     12/17     7.57G   0.05037   0.03166 0.0004508   0.08248        19       736    0.6298    0.6364    0.5655     0.502   0.06366   0.01813 0.0002302
     13/17     7.57G   0.05068   0.03169 0.0003903   0.08276        28       736    0.5924     0.657     0.557    0.3911   0.06347   0.01858 0.0001821
     14/17     7.57G   0.04923   0.02912 0.0004447    0.0788        12       736    0.6435    0.6694     0.598    0.4984   0.06139   0.01807 0.0001837
     15/17     7.57G   0.04883   0.02986 0.0003797   0.07908        18       736    0.5883    0.6467    0.5493    0.4794   0.06447   0.01741 0.0001775
     16/17     7.57G   0.04703   0.02896 0.0002866   0.07628        16       736    0.6331     0.688     0.601    0.4981   0.05929   0.01823 0.0001713
     17/17     7.57G   0.04736    0.0291 0.0002868   0.07674        12       736    0.6235    0.6281    0.5742    0.5019   0.06114   0.01795 0.0001783
