      0/30     4.66G   0.09569   0.04717   0.01766    0.1605        46       768    0.9309    0.4451    0.4685    0.1678   0.09623   0.03173  0.006021
      1/30     4.68G   0.07236   0.04392  0.004367    0.1206        57       768    0.9943    0.4943    0.5081    0.4007   0.07841   0.02257  0.001929
      2/30     4.68G   0.06295   0.03695  0.001575    0.1015        58       768    0.4774    0.5568    0.5128     0.379   0.07529   0.01954 0.0006274
      3/30     4.68G   0.05795    0.0343  0.001045   0.09329        66       768    0.4953    0.6355    0.5224    0.3828    0.0708   0.01956 0.0004342
      4/30     4.68G   0.05718   0.03364 0.0008493   0.09168        47       768    0.5856    0.6282    0.5589    0.4417   0.07169   0.01987 0.0003183
      5/30     4.68G   0.05272   0.03071  0.000426   0.08385        60       768    0.5765      0.63     0.553    0.4329   0.06549   0.01855 0.0001571
      6/30     4.68G   0.05256   0.03102 0.0004657   0.08405        51       768    0.5641    0.6282     0.551    0.4685   0.06859    0.0184 0.0001904
      7/30     4.68G   0.05177   0.03055 0.0004828    0.0828        46       768    0.6345    0.6275    0.5735      0.46    0.0639   0.01839 0.0001425
      8/30     4.68G    0.0507   0.03071 0.0006052   0.08201        69       768    0.6904    0.6465    0.6048    0.5026   0.06304   0.01917 0.0001148
      9/30     4.68G   0.05003   0.03007  0.000425   0.08052        50       768    0.5832    0.6117    0.5542    0.4219   0.06836   0.01754 0.0001013
     10/30     4.68G    0.0493   0.03055 0.0005203   0.08038        48       768    0.5826    0.6667    0.5669     0.464   0.06784   0.01716 0.0001272
     11/30     4.68G   0.04888   0.02957 0.0002915   0.07874        42       768    0.6319    0.6117    0.5609    0.4971   0.06666   0.01774 0.0001212
     12/30     4.68G    0.0477   0.02935 0.0008179   0.07788        48       768    0.4955    0.6374    0.5748    0.4941   0.06241   0.01955 0.0001185
     13/30     4.68G   0.04853   0.03042 0.0003086   0.07926        62       768    0.5981    0.6484    0.5798    0.4673    0.0612   0.02001  0.000104
     14/30     4.68G   0.04642   0.03043 0.0005254   0.07738        46       768    0.6675    0.6538    0.5992    0.4583   0.06444   0.01817 0.0001198
     15/30     4.68G   0.04578   0.02857 0.0004968   0.07484        48       768    0.6228    0.5879      0.56    0.4359   0.06895    0.0169 0.0001125
     16/30     4.68G   0.04563   0.02939 0.0005421   0.07556        56       768    0.6751    0.6813    0.6272    0.5068   0.05987   0.01763 9.743e-05
     17/30     4.68G   0.04467   0.02712 0.0003602   0.07216        42       768    0.7375     0.685    0.6793    0.5133   0.05823   0.01825  0.000104
     18/30     4.68G   0.04457   0.02845 0.0003501   0.07337        33       768    0.7396     0.674    0.6529     0.485   0.06062    0.0175 0.0001168
     19/30     4.68G   0.04338   0.02839 0.0003534   0.07212        57       768    0.7186    0.7195    0.6754    0.5372   0.05659   0.01802 8.689e-05
     20/30     4.68G   0.04329   0.02763 0.0004264   0.07134        48       768    0.7649    0.6685    0.6731     0.534   0.05515   0.01902 0.0001092
     21/30     4.68G   0.04341   0.02914 0.0005906   0.07314        56       768    0.7159    0.6941    0.6715    0.4939   0.05955   0.01871 0.0001334
     22/30     4.68G   0.04253   0.02717 0.0002669   0.06997        45       768    0.6675    0.6392    0.6109    0.5124   0.05924   0.01865 0.0001091
     23/30     4.68G   0.04144   0.02767 0.0002546   0.06937        56       768    0.7031    0.6644    0.6318    0.5244   0.06072    0.0171    0.0001
     24/30     4.68G   0.04064   0.02675 0.0003749   0.06776        54       768    0.7477    0.7363    0.7193    0.5508   0.05369   0.01776 8.256e-05
     25/30     4.68G   0.03969   0.02646 0.0005776   0.06673        52       768    0.7122    0.6868    0.6502    0.5289    0.0578     0.017 9.334e-05
     26/30     4.68G   0.03977   0.02715 0.0002664   0.06719        47       768    0.7524    0.6832    0.6861    0.5414   0.05485   0.01801 9.206e-05
     27/30     4.68G   0.03963    0.0276 0.0007685   0.06799        36       768    0.7564    0.7088    0.7105    0.5567   0.05392   0.01817 9.235e-05
     28/30     4.68G    0.0386   0.02688 0.0003284   0.06581        56       768    0.7206     0.674    0.6721    0.5359   0.05756   0.01696 8.326e-05
     29/30     4.68G   0.03841    0.0268 0.0002082   0.06542        64       768    0.7647    0.6795    0.6872    0.5459   0.05487   0.01769 8.817e-05
     30/30     4.68G    0.0387   0.02688 0.0004461   0.06602        44       768    0.7451    0.7289    0.7176    0.5579   0.05317    0.0178 8.615e-05
