      0/30      1.1G    0.1131   0.04564   0.02622    0.1849         2       768    0.0369    0.1557   0.03163  0.005963    0.1102   0.03867   0.02335
      1/30     1.16G    0.1014   0.04514   0.02247     0.169         4       768    0.1538    0.2763    0.1518   0.05903    0.1008   0.03315   0.01772
      2/30     1.17G   0.08768   0.04678   0.01572    0.1502         5       768    0.9507    0.4671    0.4798    0.3607   0.09618   0.02826  0.009946
      3/30     1.17G    0.0822   0.04384  0.008743    0.1348         5       768    0.9956    0.4912    0.4966    0.3223   0.09708   0.02457  0.004931
      4/30     1.17G   0.07993   0.03936  0.004405    0.1237        10       768    0.9913    0.4977    0.4922    0.3025   0.09349   0.02259   0.00265
      5/30     1.17G   0.07611   0.03832  0.003012    0.1174        14       768    0.9935    0.4978    0.5039    0.3978   0.08749    0.0223  0.001986
      6/30     1.17G   0.07036   0.03642  0.002303    0.1091         7       768    0.5682    0.5422     0.519    0.4148   0.08239   0.02027  0.001741
      7/30     1.17G   0.06561   0.03578  0.001805    0.1032        13       768    0.5261    0.5852    0.5169    0.3528   0.08418   0.01953  0.001555
      8/30     1.17G   0.06383   0.03575  0.001456     0.101        11       768    0.5373    0.5395    0.5113    0.4046   0.07724   0.01964  0.001306
      9/30     1.17G   0.06034    0.0329  0.001253    0.0945         7       768    0.5412    0.5811    0.5189    0.3532   0.07482   0.01946  0.001325
     10/30     1.17G   0.05988   0.03444  0.001243   0.09557         5       768    0.5495    0.6039    0.5278     0.415   0.07398   0.01902  0.001348
     11/30     1.17G   0.05667   0.03168  0.001119   0.08947         2       768    0.5687    0.5811    0.5313    0.3863   0.07456   0.01885  0.001308
     12/30     1.17G   0.05613    0.0337  0.001224   0.09105         5       768    0.5625    0.5959    0.5327    0.4744   0.07247   0.01874  0.001301
     13/30     1.17G   0.05481   0.03278 0.0009843   0.08857         3       768    0.5796    0.6161    0.5484    0.3699   0.06901    0.0192  0.001164
     14/30     1.17G   0.05369   0.03267 0.0009267   0.08728         5       768    0.5633    0.6215    0.5392    0.4791   0.06871   0.01899   0.00114
     15/30     1.17G   0.05271   0.03314  0.001011   0.08686         7       768    0.5744    0.5811    0.5368    0.4197   0.07045   0.01821  0.001061
     16/30     1.17G    0.0509   0.03219 0.0009156     0.084         3       768    0.5897    0.5932    0.5463     0.426   0.07083   0.01783  0.001071
     17/30     1.17G    0.0511    0.0323 0.0008386   0.08423         2       768    0.5634    0.5905    0.5295    0.4351   0.07211   0.01749  0.001067
     18/30     1.17G   0.04994   0.03234 0.0007627   0.08304        11       768    0.6005    0.6309    0.5626    0.4802    0.0671   0.01799  0.001023
     19/30     1.17G   0.04972   0.03093 0.0006408   0.08129         7       768    0.5701     0.616    0.5358    0.4444   0.07227   0.01726 0.0009955
     20/30     1.17G   0.04799   0.03056 0.0006595   0.07921         8       768    0.5917    0.6186    0.5539     0.439   0.06934   0.01762 0.0009527
     21/30     1.17G   0.04813   0.02974  0.000588   0.07845         4       768    0.5823    0.6228    0.5435    0.4508   0.07033    0.0173 0.0009365
     22/30     1.17G   0.04855    0.0311 0.0006524    0.0803         5       768    0.5993    0.6067     0.556    0.4739   0.06784   0.01764 0.0009123
     23/30     1.17G   0.04765   0.03112  0.000533    0.0793         8       768    0.5969    0.6282    0.5654    0.4759   0.06685   0.01774 0.0008911
     24/30     1.17G   0.04798   0.03115  0.000565   0.07969         5       768    0.5949    0.5986    0.5489    0.4746   0.06878   0.01747 0.0008858
     25/30     1.17G   0.04736   0.03167 0.0004696    0.0795         5       768    0.6302    0.6132    0.5728    0.4745   0.06738   0.01758 0.0008794
     26/30     1.17G   0.04726   0.03126  0.000561   0.07908        11       768    0.6247    0.6052     0.561    0.4764   0.06782   0.01748 0.0008817
     27/30     1.17G    0.0462   0.03177 0.0004976   0.07847         4       768    0.6131    0.6134    0.5624    0.4773   0.06801   0.01752 0.0008762
     28/30     1.17G   0.04664   0.03091 0.0005171   0.07806         6       768    0.6195    0.6121    0.5635    0.4711   0.06771   0.01747 0.0008724
     29/30     1.17G   0.04573   0.03077 0.0004802   0.07698         5       768    0.6012    0.5959    0.5465    0.4693   0.06929   0.01726 0.0008728
     30/30     1.17G   0.04613   0.03108  0.000395   0.07761         6       768    0.6362    0.6026    0.5642    0.4724   0.06828    0.0175 0.0008726
